[237][23] 10,010,020,600,686,999,559,662
[241][23] 10,108,000,002,095,990,099,950
[242][23] 10,060,300,040,069,783,909,870
[243][23] 10,807,308,105,195,993,997,970
[244][24] 111,120,050,000,380,599,699,992
[245][23] 30,000,000,000,837,077,247,379
[248][23] 10,385,810,003,399,979,999,951
[262][23] 15,007,060,502,692,999,894,096
[263][25] 1,010,000,000,019,912,549,260,950
[264][26] 10,000,013,142,009,999,999,998,117
[265][25] 6,000,000,000,003,126,663,605,379
[266][25] 1,420,000,000,004,713,336,302,996
[267][24] 700,000,000,000,668,930,560,769
[268][24] 100,000,000,008,974,960,730,837
[269][24] 102,516,500,000,669,459,999,913
[270][24] 106,758,031,110,599,996,999,901
[271][24] 100,100,020,010,790,098,449,800
[272][25] 1,000,000,049,003,739,995,755,649
[273][25] 1,000,000,079,641,999,992,877,324
[274][25] 1,040,200,620,332,990,995,192,950
[275][25] 1,011,050,517,536,999,997,929,950
[276][25] 1,000,000,000,008,771,050,441,908
[277][25] 1,100,000,000,004,165,700,220,993
[278][25] 1,000,000,000,008,037,782,836,719
[279][25] 1,000,000,000,009,468,449,423,854
[280][25] 1,000,004,285,088,999,999,687,280
[281][25] 1,000,000,000,007,468,472,243,350
[282][24] 100,000,000,069,999,589,985,049
[283][24] 100,000,000,089,999,249,947,024
[284][24] 140,000,030,099,999,099,448,991
[285][24] 100,500,000,199,999,537,709,960
[288][23] 12,000,700,000,025,339,936,491
[289][23] 10,036,069,400,174,999,499,950
[290][25] 1,000,000,009,001,899,177,117,039
[291][25] 1,000,000,000,008,799,678,139,630
[292][25] 1,000,000,000,005,083,294,994,790
[293][25] 1,000,206,827,388,999,999,095,750
