PAL[106] 14862795258971484574 [242][23] 10,060,300,040,069,783,909,870
PAL[108] 16613875675430364399 [230][21] 100,000,004,999,971,774,150
PAL[109] 15556786447747711577 [235][22] 1,104,006,003,099,319,089,290
PAL[110] 13355596268873255397 [246][24] 100,000,000,001,958,682,938,490
PAL[111] 45496235567875558536 [230][27] 100,336,000,000,239,807,384,999,950
PAL[111] 57992244767868888525 [236][17] 10,442,000,392,399,960
PAL[112] 45772672672651139732 [233][17] 10,078,083,499,399,210
PAL[112] 45773487763425489188 [235][23] 10,000,000,000,931,511,770,850
PAL[112] 99456798188671113399 [250][23] 10,000,000,000,723,165,997,580
PAL[115] 11893554434455398986 [232][23] 10,080,300,000,205,811,939,510
PAL[115] 18933797544783366304 [235][23] 10,000,000,045,399,469,136,670
PAL[115] 49628944322466369964 [235][21] 100,000,005,061,987,007,050
PAL[117] 11231189667676002377 [234][21] 100,000,052,088,997,862,690
PAL[119] 15878953229877223566 [232][23] 10,000,200,120,419,941,980,500
PAL[119] 44562665878976437622 [261][19] 1,186,060,307,891,929,990
PAL[121] 15778877897596685873 [238][24] 100,000,000,300,879,206,573,700
PAL[125] 38731882752356223546 [241][23] 10,108,000,002,095,990,099,950

PAL[103] 15965699344587301794 [222][18] 100,980,800,839,699,830
PAL[107] 49627604840136499793 [222][19] 1,300,002,905,399,788,590
PAL[108] 67155177777611288464 [223][21] 100,000,640,539,199,976,880
PAL[109] 16843875743337658994 [221][19] 1,706,000,005,445,669,190
PAL[111] 44287982883177994840 [228][23] 10,610,000,003,596,063,819,950
PAL[111] 66330014855577453366 [227][23] 16,035,035,905,592,999,199,690
PAL[112] 15621556578169999711 [226][23] 10,000,000,000,639,781,935,830
PAL[112] 89112667976762661398 [226][23] 16,069,007,700,994,999,199,290
PAL[114] 89169654597389636853 [224][23] 10,865,319,100,743,999,999,990
PAL[117] 66794212489857889478 [229][21] 100,097,274,629,999,993,520
PAL[120] 88124537747589695025 [228][24] 100,000,000,003,930,519,879,270
