PAL[108] 16613875675430364399 [230][21] 100,000,004,999,971,774,150
PAL[111] 57992244767868888525 [236][17] 10,442,000,392,399,960
PAL[112] 45772672672651139732 [233][17] 10,078,083,499,399,210
PAL[119] 44562665878976437622 [261][19] 1,186,060,307,891,929,990

PAL[103] 15965699344587301794 [222][18] 100,980,800,839,699,830
PAL[107] 49627604840136499793 [222][19] 1,300,002,905,399,788,590
PAL[108] 67155177777611288464 [223][21] 100,000,640,539,199,976,880
PAL[109] 16843875743337658994 [221][19] 1,706,000,005,445,669,190
PAL[117] 66794212489857889478 [229][21] 100,097,274,629,999,993,520
