196
879
1997
7059
9999
10553
10563
10577
10583
10585
10638
10663
10668
10697
10715
10728
10735
10746
10748
10783
10785
10787
10788
10877
10883
10963
10965
10969
10977
10983
10985
12797
12898
13097
13197
13694
14096
14698
15297
15597
18598
18798
20459
30389
30399
30929
30959
30979
40069
40429
50569
50579
59299
60289
60489
60659
60689
70379
70559
70949
80049
80059
80069
80269
80279
80289
80439
80489
80669
89099
89899
90379
90579
99999
101917
101948
101968
101976
102918
102988
103905
103908
103927
103937
103986
104905
104907
104927
104947
104948
104956
104958
104968
105917
105925
105968
105998
106918
106938
106976
106982
106988
107917
107938
107967
107968
107985
108907
108936
108937
108947
108953
108957
108976
108978
108985
109908
109918
109958
109963
109967
109980
117994
118994
119994
125997
129995
130295
130494
130495
139994
140096
140496
149995
149998
150096
150195
150297
150397
150595
150597
150695
190699
190997
199999
290699
300709
300929
399999
490299
490399
490499
499999
590899
690399
700509
700699
700899
700909
700949
790199
790499
790699
890399
890499
890699
890799
990099
990299
990499
990699
990899
999999
